Palm -0.064 -0.052 0.479, -50.3 -58.63 -17.9
MetaPinky 2.82 -0.52 -6.81
PinkyKnuckle 6.597094 -0.6987982 4.334881
PinkyMiddle 7.953636 -3.475915 9.099648
PinkyDistal 8.610898 -7.032707 10.26385
PinkyTip 7.878166 -9.990986 10.65164
MetaRing 0.9567109 -0.3824081 -6.407641
RingKnuckle 2.722661 0.1169285 5.877868
RingMiddle 4.669992 -3.582751 13.18538
RingDistal 4.956952 -8.335784 13.96326
RingTip 4.785694 -12.06893 13.36508
MetaMiddle -1.088389 -0.7955866 -6.376139
MiddleKnuckle -1.437485 0.5037515 6.602365
MiddleMiddle 0.5327646 -4.011899 14.82493
MiddleDistal 1.412062 -9.370765 16.13629
MiddleTip 1.528603 -12.85166 15.71257
MetaIndex -2.564018 -1.161318 -6.286931
IndexKnuckle -5.719034 -0.8011985 6.842007
IndexMiddle -4.72179 -4.45891 14.22208
IndexDistal -3.418594 -9.05021 15.92791
IndexTip -2.358651 -12.09323 15.96339
MetaThumb -4.353482 -2.176294 -6.680287
ThumbProximal -6.7685 -8.394375 -0.3069353
ThumbDistal -5.940995 -13.57979 4.73523
ThumbTip -5.429585 -16.33585 7.385882
Wrist -1.33172 -0.1351904 -9.861955