Palm 0.1357534 -0.1601787 0.5410808 -0.5 -57.4 -107.2
MetaPinky 2.793627 -0.4113326 -6.674867
PinkyKnuckle 6.552327 -0.7451162 3.509219
PinkyMiddle 7.470404 -4.962688 5.424661
PinkyDistal 5.34387 -6.055202 2.322528
PinkyTip 3.222075 -4.188242 0.8668042
MetaRing 0.9246234 -0.3766325 -6.256814
RingKnuckle 2.503285 0.1231253 4.684404
RingMiddle 4.260611 -6.495936 8.032545
RingDistal 2.09 -7.118686 3.74923
RingTip 0.6661731 -4.410305 1.423469
MetaMiddle -1.207448 -1.008502 -6.072326
MiddleKnuckle -1.504938 0.4772887 5.887662
MiddleMiddle 0.4737672 -6.710391 10.09553
MiddleDistal -0.5673267 -8.259022 4.488987
MiddleTip -1.855155 -5.636344 2.39584
MetaIndex -2.758706 -1.549895 -5.878548
IndexKnuckle -5.679159 -0.9047415 6.728178
IndexMiddle -4.232328 -6.469131 11.13183
IndexDistal -3.318371 -8.815525 6.936314 
IndexTip -4.021565 -7.248962 3.890489
MetaThumb -4.736298 -2.624959 -6.132704
ThumbProximal -9.149602 -6.802581 0.6574944
ThumbDistal -8.144209 -9.209727 6.818222
ThumbTip -7.05857 -10.73684 10.15272
Wrist -1.373264 -0.1794729 -10.07251