Palm 0.1123908 -0.1467742 0.4398394 -45.684 -53.544 -11.612
MetaPinky 2.868382 -0.6897123 -6.577171
PinkyKnuckle 6.49455 -0.6033719 4.554116
PinkyMiddle 7.540621 -1.816421 10.38878 
PinkyDistal 8.449202 -4.330973 13.17053
PinkyTip 8.293511 -6.882778 14.50392
MetaRing 1.046748 -0.5116211 -6.210232
RingKnuckle 2.630119 0.2215112 6.078372
RingMiddle 3.772542 -1.77441 14.30402
RingDistal 4.200627 -5.504662 17.27139
RingTip 4.313504 -8.970685 18.35513
MetaMiddle -0.9176608 -0.8498616 -6.142452
MiddleKnuckle -1.450933 0.5436952 6.550437
MiddleMiddle -0.4815128 -3.42427 15.3717
MiddleDistal 0.09316802 -8.074421 18.212
MiddleTip 0.3605314 -11.32497 18.75575
MetaIndex -2.342174 -1.163092 -6.029655
IndexKnuckle -5.745334 -0.6999137 6.614368
IndexMiddle -4.612936 -6.82219 11.97193
IndexDistal -3.448055 -11.73246 12.33242
IndexTip -2.801789 -14.5414 11.45581
MetaThumb -4.112511 -2.138813 -6.313404
ThumbProximal -4.992718 -7.945654 -7.945654
ThumbDistal -3.143757 -11.90076 6.547577
ThumbTip -3.280969 -14.53376 9.470041
Wrist -1.362064 -0.05856417 -9.819145